322912	320508
323616	321208
320276	317869
325512	323107
327648	325247
337258	334856
331940	329533
320440	318039
326012	323608
317508	315105
335072	332668
331596	329193
326654	324254
320004	317600
321412	319008
315956	313547
339738	337335
323772	321366
319072	316668
318988	316588
324278	321873
313832	311430
344358	341953
319350	316945
323328	320923
332210	329805
329502	327097
328486	326079
318906	316497
316988	314583
326484	324081
323360	320951
327188	324785
316290	313884
317762	315357
310922	308515
325090	322688
329778	327374
326118	323717
327218	324814
325416	323012
323442	321036
331840	329431
334576	332171
332300	329895
323462	321056
311102	308699
337656	335252
314472	312069
327470	325067
311218	308816
322262	319863
310418	308013
330570	328168
330522	328119
317576	315175
340110	337703
316326	313922
320060	317656
314762	312356
307880	305479
321090	318685
318026	315623
316642	314238
327988	325585
328638	326234
323268	320867
311452	309051
320614	318211
321300	318897
322492	320092
323594	321188
320904	318502
326980	324576
328062	325658
312074	309676
322728	320321
313490	311084
324774	322370
325656	323253
316348	313945
336602	334195
323120	320715
329186	326784
333978	331573
312194	309789
332422	330018
339824	337419
337592	335192
325662	323258
328512	326110
338234	335823
323516	321111
322304	319899
306052	303649
313590	311188
318734	316331
331956	329554
319932	317526
324488	322082
322336	319933
318466	316058
338096	335692
332748	330342
319682	317279
330640	328237
335110	332707
321516	319112
331394	328989
332292	329887
320126	317719
330602	328201
323610	321209
322132	319729
338164	335760
325920	323514
324894	322487
327128	324716
322976	320569
324368	321961
320890	318484
326600	324193
331582	329182
315228	312822
329238	326833
315828	313423
318904	316496
324434	322030
336706	334304
329254	326851
327658	325254
329192	326788
331798	329398
318510	316105
329628	327223
329758	327351
333356	330950
325678	323273
321486	319080
321718	319315
307714	305307
323580	321177
333810	331402
321566	319161
329692	327286
333814	331409
329296	326893
330080	327678
325902	323497
319834	317431
327860	325453
324684	322283
333298	330890
331310	328908
317590	315179
322918	320516
331026	328625
316470	314070
314750	312345
328202	325796
320948	318544
321086	318678
330452	328047
324686	322282
323756	321350
327304	324898
322426	320022
323322	320920
317564	315156
314582	312176
344704	342300
316340	313935
314884	312480
328718	326316
309754	307352
332468	330062
328056	325650
335624	333219
328836	326436
330552	328146
317934	315529
335280	332877
316796	314387
325942	323536
323014	320605
318616	316215
319376	316972
314038	311633
325040	322637
314774	312367
317234	314832
321972	319569
332206	329799
311084	308683
326528	324121
305660	303253
310204	307798
329416	327011
315288	312884
333304	330900
325340	322939
324970	322568
335482	333075
311814	309408
339136	336731
330840	328438
318790	316387
316986	314582
320656	318247
319044	316639
332266	329863
325592	323190
315392	312987
325302	322900
323872	321462
319062	316654
322446	320047
329350	326949
330470	328064
326608	324206
319968	317562
328898	326493
330626	328218
334836	332430
321030	318628
326836	324430
321348	318941
317994	315587
312690	310284
321976	319573
327472	325067
337492	335087
344664	342260
323040	320639
331148	328744
331816	329410
341214	338809
321188	318784
334086	331680
315226	312823
316564	314159
323214	320812
320654	318250
322932	320530
335854	333449
315990	313583
334746	332341
324634	322231
328594	326190
322354	319947
323666	321260
322580	320177
318908	316506
334698	332292
323450	321046
317724	315319
328638	326235
330674	328270
318164	315759
329140	326736
325064	322661
326174	323773
319530	317125
326108	323703
332816	330413
318520	316115
338880	336475
326696	324292
324904	322501
320638	318233
335542	333137
326228	323823
321928	319527
322190	319785
333922	331518
311088	308682
328990	326587
320288	317883
321568	319163
325058	322652
320812	318410
323416	321013
318986	316583
334742	332341
329702	327300
327242	324832
309472	307068
328144	325738
328714	326311
322016	319612
336130	333725
325730	323328
333938	331534
321658	319251
328358	325951
319146	316745
343038	340634
319028	316624
330818	328415
334406	331999
321924	319518
316472	314069
322074	319667
325218	322814
316904	314505
323876	321468
327770	325365
317874	315470
319426	317022
327912	325507
319502	317101
324782	322381
323182	320781
313778	311373
323330	320926
312612	310210
332652	330251
329844	327441
327988	325582
332008	329603
318040	315639
318530	316122
334806	332403
323874	321470
330038	327634
327512	325110
320352	317948
318248	315842
334078	331674
333446	331044
323480	321075
335278	332876
323652	321246
334962	332561
323616	321216
341268	338863
329202	326796
309640	307237
334780	332372
328874	326465
337016	334609
325358	322955
331590	329188
323364	320961
318694	316287
330590	328186
316470	314064
311652	309249
329902	327501
325964	323557
309384	306978
331802	329400
325236	322832
325740	323338
335084	332683
323284	320881
315254	312848
332652	330250
333570	331165
327576	325170
316978	314576
316124	313718
322484	320081
327726	325322
319222	316821
337822	335418
321620	319218
314080	311676
334048	331648
334504	332098
321150	318745
325930	323525
320242	317838
325294	322890
316712	314311
326014	323611
329724	327320
328352	325950
327750	325349
325642	323241
317992	315587
309620	307212
334588	332183
313288	310884
315826	313418
340658	338253
318396	315994
339734	337332
325856	323449
328362	325956
322244	319840
328744	326343
309674	307269
321412	319005
340802	338398
320152	317750
329416	327015
321698	319291
312004	309598
329444	327041
335512	333107
329300	326895
312114	309710
300226	297824
320604	318203
327322	324917
321148	318742
312690	310286
322146	319739
318210	315804
320388	317984
337432	335028
305232	302827
343038	340633
341248	338845
326792	324388
323858	321455
320694	318290
306584	304181
322608	320203
321350	318945
316522	314118
340958	338557
315918	313513
323682	321280
324062	321654
328512	326107
333478	331076
326370	323966
334216	331812
313708	311304
326640	324236
326994	324590
325430	323028
338662	336256
316270	313869
335460	333051
317432	315027
327794	325389
327886	325483
314456	312053
313726	311320
318150	315745
327664	325257
316368	313964
332790	330383
317516	315112
326586	324181
324760	322356
315038	312632
320872	318470
316114	313710
327168	324766
326384	323980
325778	323373
322308	319904
322156	319752
320208	317805
325142	322736
322792	320389
317040	314636
331582	329176
326564	324160
326384	323978
337022	334622
324264	321858
323544	321141
333564	331165
318030	315631
313728	311320
330448	328043
326184	323780
339452	337045
320926	318517
314474	312068
326130	323725
331342	328935
321032	318628
308202	305794
321474	319072
320652	318248
316020	313615
327068	324664
316598	314189
331804	329400
330178	327776
321530	319129
315020	312618
321982	319576
329730	327326
324694	322286
323860	321457
318826	316420
333354	330952
322742	320336
319930	317525
323870	321466
324484	322079
340832	338429
325950	323544
324506	322103
332610	330205
333802	331403
320340	317936
313238	310832
322954	320544
323124	320716
310984	308580
331986	329582
318574	316168
329312	326910
331338	328935
319196	316792
300692	298290
334152	331750
320428	318023
324424	322022
333704	331302
336860	334456
329852	327449
329114	326711
317856	315453
331708	329300
318852	316447
317172	314765
319498	317094
327954	325551
320742	318332
318986	316582
318880	316479
317174	314764
322848	320446
321460	319055
328482	326078
321634	319228
311006	308599
322504	320098
326900	324496
321904	319501
329876	327465
317200	314797
314954	312550
320084	317681
323670	321264
334608	332208
328082	325679
322962	320560
323606	321205
314576	312171
325132	322727
319582	317177
318278	315878
320986	318579
323268	320862
318780	316372
314508	312104
318042	315635
319606	317205
335692	333289
320066	317663
316038	313633
307054	304652
301850	299444
326678	324270
318944	316542
333356	330953
319626	317225
322278	319877
311534	309133
332666	330262
309050	306646
335284	332876
326646	324243
316776	314368
319980	317578
316452	314043
312110	309706
322588	320187
312880	310476
319778	317374
330322	327918
329620	327218
326996	324594
311420	309017
326030	323627
325520	323116
332870	330468
345648	343244
326654	324252
335552	333148
328336	325933
323142	320740
321384	318980
321276	318869
319856	317455
327036	324626
322620	320218
334698	332294
330846	328445
318552	316148
317154	314752
321198	318791
314394	311991
320282	317880
336902	334501
316966	314563
330642	328237
320636	318231
340436	338033
314216	311806
331114	328710
328306	325904
326250	323848
320296	317894
320192	317787
316468	314063
325174	322769
320232	317827
320788	318380
320202	317797
324442	322040
322134	319728
336044	333635
313718	311314
335216	332811
319790	317387
326952	324549
341644	339244
327746	325343
332866	330461
329958	327557
324908	322504
324314	321911
308470	306065
336150	333745
332656	330247
322218	319819
321652	319248
326242	323840
325132	322727
322054	319650
315684	313281
321956	319554
325698	323292
312862	310459
325014	322609
310646	308246
312052	309651
320872	318465
322448	320048
328518	326116
328166	325756
337524	335124
323924	321520
316240	313838
330426	328022
332958	330553
332534	330132
319386	316976
321568	319163
322096	319692
326978	324573
321598	319194
324202	321796
325030	322622
321390	318987
320886	318479
320386	317981
320932	318527
325576	323171
329306	326903
334670	332268
321808	319406
315414	313007
326888	324482
309278	306871
318570	316166
321066	318656
319912	317511
317494	315087
325036	322630
325220	322817
315138	312732
318422	316014
323962	321555
330886	328479
326404	324002
336424	334019
324742	322338
308568	306167
323286	320878
320858	318452
330054	327653
324520	322116
315124	312719
320420	318018
324236	321832
331260	328852
317180	314775
313848	311446
307008	304600
323090	320683
323394	320991
324594	322189
327954	325552
327992	325588
338138	335732
325894	323496
322312	319908
312606	310204
324706	322300
314716	312313
317158	314755
331358	328958
323096	320693
329184	326782
343238	340831
321930	319529
315966	313564
314354	311950
327982	325576
322296	319891
326894	324488
327638	325232
331520	329119
315056	312653
333450	331044
325522	323118
321638	319237
326872	324469
332630	330222
325812	323408
332892	330488
328450	326044
341280	338874
313230	310830
319104	316697
320132	317729
303856	301449
313164	310761
326194	323793
325772	323366
325348	322939
318032	315630
336056	333649
308068	305661
307928	305521
323404	321000
312782	310378
311342	308935
308370	305967
324318	321915
329554	327148
335990	333585
316866	314459
322566	320162
318394	315995
317198	314799
318544	316142
325194	322787
326760	324354
335190	332789
340682	338279
324534	322130
335254	332852
325754	323349
321330	318923
323710	321310
320934	318527
315196	312795
330298	327892
329944	327538
315942	313538
319856	317451
320368	317968
317410	315006
308684	306276
328352	325952
331582	329176
335882	333478
327542	325136
328310	325905
323914	321511
327350	324948
323380	320973
326526	324122
327290	324886
326662	324255
323616	321212
323020	320616
319142	316736
324316	321913
324614	322211
319530	317122
325712	323311
324148	321742
334708	332299
321368	318965
333294	330893
338630	336224
325556	323148
324518	322110
330414	328008
339094	336692
323064	320663
327792	325387
334280	331877
322332	319929
332302	329898
318096	315692
325762	323358
330672	328266
330842	328437
340722	338319
326540	324129
323184	320778
324080	321679
318170	315767
337148	334744
332618	330211
315204	312800
323744	321340
316616	314211
328242	325843
340008	337599
329924	327519
322622	320216
315154	312749
320208	317802
332810	330407
315418	313012
344732	342327
330016	327612
321324	318918
331430	329026
312216	309816
339646	337240
325956	323555
322800	320393
315476	313072
335492	333087
339188	336783
315932	313525
318528	316123
328638	326233
333216	330814
320182	317773
323434	321032
333444	331042
331448	329045
318712	316309
318136	315734
320936	318534
317010	314608
331636	329233
326126	323721
323476	321075
334890	332482
317240	314834
311444	309039
330868	328465
319192	316786
315650	313245
327436	325031
342994	340589
324352	321946
315152	312747
329122	326719
329816	327414
333460	331057
326164	323759
317924	315518
318474	316067
340276	337873
330028	327625
319660	317258
335098	332691
321276	318869
333348	330943
300328	297925
317188	314784
321612	319207
317032	314630
329670	327267
323824	321422
326472	324070
320816	318413
333202	330797
331198	328795
324954	322549
326504	324099
322492	320087
324450	322046
341244	338839
317090	314688
329458	327053
317716	315313
324172	321765
327094	324688
317338	314936
316110	313708
325948	323545
320152	317751
327290	324886
328056	325647
328836	326432
318896	316494
323370	320965
331354	328950
326584	324183
304682	302277
327734	325326
328092	325690
330890	328484
300534	298132
340818	338414
338388	335980
324964	322558
326582	324179
329068	326665
328948	326538
333352	330948
332652	330242
336706	334301
330262	327858
321004	318601
327482	325078
332048	329642
320142	317738
328012	325607
313666	311259
327060	324654
331574	329171
336540	334138
331900	329491
318170	315763
325704	323303
335124	332722
321576	319169
315362	312960
311116	308707
340356	337955
311354	308951
330912	328512
331578	329176
324738	322335
332506	330106
313594	311192
335810	333404
331046	328644
319596	317193
320830	318429
337708	335302
328474	326069
319856	317450
319350	316943
315846	313441
322188	319783
316154	313750
323494	321088
320292	317889
329528	327123
336168	333765
321032	318628
332620	330217
324240	321839
344718	342312
325914	323511
319940	317535
340200	337795
318330	315924
326664	324260
333854	331450
330194	327791
319168	316762
314818	312414
332320	329916
321332	318927
308180	305777
317804	315399
328280	325875
319374	316966
334884	332479
317562	315158
326424	324018
320704	318303
332742	330337
307858	305453
315792	313386
331632	329224
326328	323926
320176	317773
322214	319812
330472	328060
329364	326964
331678	329271
317830	315428
341242	338837
325340	322939
317702	315300
